Driver: PCRaster/PCRaster Raster File
Files: complete_raster/raster_2018_25cm/pcraster_maps/plaat_nir_ratio_westerschelde_2018_mask_2018.map
       complete_raster/raster_2018_25cm/pcraster_maps/plaat_nir_ratio_westerschelde_2018_mask_2018.map.aux.xml
Size is 224000, 80000
Origin = (26000.000000000000000,390000.000000000000000)
Pixel Size = (0.250000000000000,-0.250000000000000)
Metadata:
  PCRASTER_VALUESCALE=VS_SCALAR
Corner Coordinates:
Upper Left  (   26000.000,  390000.000) 
Lower Left  (   26000.000,  370000.000) 
Upper Right (   82000.000,  390000.000) 
Lower Right (   82000.000,  370000.000) 
Center      (   54000.000,  380000.000) 
Band 1 Block=224000x1 Type=Float32, ColorInterp=Undefined
  Min=0.170 Max=0.431 
  Minimum=0.170, Maximum=0.431, Mean=0.308, StdDev=0.017
0...10...20...30...40...50...60...70...80...90...100 - done.
  256 buckets from 0.169702 to 0.43128:
  1 1 0 0 6 0 0 0 0 0 2 5 0 7 3 4 3 5 4 5 9 4 5 12 8 21 11 43 4 68 4 100 127 161 224 378 428 489 594 700 594 757 798 825 936 1221 1789 2793 4910 6752 9093 13354 23098 39822 60689 87139 123914 176565 261059 347381 407834 497282 538430 532529 603490 566754 600708 586732 599566 624278 612440 635430 624096 625625 652777 666285 601851 853972 511433 771355 657128 747548 726765 734526 762223 793853 785589 832909 885038 894798 945643 1013652 1112913 1112354 1261191 1390702 1538923 1744469 2054756 2237397 2412381 2880614 3022416 3209814 3302586 3665680 4115795 4503036 4987605 5681476 6521326 6727837 7530850 8639603 7947218 8886530 9326534 10413219 11003834 12167602 13190953 14034390 16152669 18489060 19585884 22009335 23321720 28032239 29693537 32392020 36189868 40195388 42065889 46649402 45484974 46832874 43065055 39571463 36640339 32947712 32445773 28928783 27865595 24394780 23083013 21929935 20113415 20243041 19315380 18691186 17606695 17592568 16593877 16522517 16843471 16363654 16316116 15272066 12242394 8980054 13294120 7124554 6785291 6368017 5420356 4874083 4266657 3872636 3541689 3181758 2950039 2580367 2365872 2066067 1768678 1475886 1176752 932219 698098 483070 325187 243315 198082 162896 137179 110363 91272 72350 59244 48085 42114 35803 29360 23862 19259 15762 12552 9718 7422 5948 4907 2725 2507 1892 1461 1007 768 600 360 343 238 185 144 83 85 60 33 32 24 13 21 21 8 9 5 9 3 1 6 2 0 2 2 1 0 0 0 1 0 0 0 1 1 0 0 0 0 0 0 0 1 0 0 0 0 1 
  NoData Value=-3.4028234663852886e+38
  Metadata:
    STATISTICS_MAXIMUM=0.43076923489571
    STATISTICS_MEAN=0.30844982506393
    STATISTICS_MINIMUM=0.17021276056767
    STATISTICS_STDDEV=0.01706132276432
    STATISTICS_VALID_PERCENT=7.016
