Driver: PCRaster/PCRaster Raster File
Files: complete_raster/raster_2016_25cm/pcraster_maps/plaat_nir_ratio_westerschelde_2016_mask_2018.map
       complete_raster/raster_2016_25cm/pcraster_maps/plaat_nir_ratio_westerschelde_2016_mask_2018.map.aux.xml
Size is 224000, 80000
Origin = (26000.000000000000000,390000.000000000000000)
Pixel Size = (0.250000000000000,-0.250000000000000)
Metadata:
  PCRASTER_VALUESCALE=VS_SCALAR
Corner Coordinates:
Upper Left  (   26000.000,  390000.000) 
Lower Left  (   26000.000,  370000.000) 
Upper Right (   82000.000,  390000.000) 
Lower Right (   82000.000,  370000.000) 
Center      (   54000.000,  380000.000) 
Band 1 Block=224000x1 Type=Float32, ColorInterp=Undefined
  Min=0.192 Max=0.395 
  Minimum=0.192, Maximum=0.395, Mean=0.283, StdDev=0.017
0...10...20...30...40...50...60...70...80...90...100 - done.
  256 buckets from 0.191268 to 0.395546:
  1 0 1 1 9 3 28 6 67 23 159 0 120 126 93 204 263 251 277 368 407 484 437 612 722 858 1138 1003 1477 1624 2175 2736 3584 4535 5979 8211 15804 40011 98180 201646 317803 439314 548628 614343 670611 680982 775885 833953 891976 821854 956677 958199 956375 967556 1069945 942653 1046367 1096633 1097511 1185379 1163794 1267398 1204596 1304981 1347343 1419030 1413719 1497697 1495330 1537207 1664012 1879024 1902020 1680554 1764405 2207125 2306720 2438499 2669082 2957986 3033127 3414562 3793203 4105811 4560557 4778488 5369250 5903817 6736124 7795184 8483541 9726145 11168150 12136562 14748025 15916917 17816151 19725941 20384466 23797255 24292322 24430211 28621310 28144561 28578867 29007976 31882999 29885870 31078624 30400845 30786942 29550459 29706152 28190540 28499085 26758910 25442470 28257517 21308603 22378627 22150722 21067049 20639219 18501135 18436146 17533563 16024480 15878871 14784092 14628825 13322782 12952766 12371243 11399997 10825767 11325207 8971202 9013918 8710632 8317085 7638527 7340111 7001950 6507931 6076874 5924979 5085337 5087013 4810351 4424381 4219166 4251407 3724183 3696854 3455178 3185395 3264696 2948561 2760767 2740025 2508416 2440144 2329296 2185790 2086608 2038817 1924809 1839787 1752608 1667570 1756435 1653995 1549188 1357352 1487859 1558674 1540649 326733 1734242 1488875 1348657 1127225 1072226 1114459 1052061 917924 806938 765526 661496 544299 422477 337657 257563 184709 114130 74846 47064 30807 22722 15706 13156 10379 8509 7105 6249 4868 4101 3317 2720 2047 1734 1453 1285 1038 835 600 580 341 261 197 166 113 121 123 78 61 45 32 25 25 16 14 5 8 7 2 1 6 2 5 3 0 0 1 3 2 2 1 5 2 1 2 1 2 1 2 
  NoData Value=-3.4028234663852886e+38
  Metadata:
    STATISTICS_MAXIMUM=0.3951473236084
    STATISTICS_MEAN=0.28285156984822
    STATISTICS_MINIMUM=0.19166666269302
    STATISTICS_STDDEV=0.017469862373747
    STATISTICS_VALID_PERCENT=6.921
