Driver: PCRaster/PCRaster Raster File
Files: complete_raster/raster_2018_25cm/pcraster_maps/plaat_brightness_westerschelde_2018_mask_2018.map
       complete_raster/raster_2018_25cm/pcraster_maps/plaat_brightness_westerschelde_2018_mask_2018.map.aux.xml
Size is 224000, 80000
Origin = (26000.000000000000000,390000.000000000000000)
Pixel Size = (0.250000000000000,-0.250000000000000)
Metadata:
  PCRASTER_VALUESCALE=VS_SCALAR
Corner Coordinates:
Upper Left  (   26000.000,  390000.000) 
Lower Left  (   26000.000,  370000.000) 
Upper Right (   82000.000,  390000.000) 
Lower Right (   82000.000,  370000.000) 
Center      (   54000.000,  380000.000) 
Band 1 Block=224000x1 Type=Float32, ColorInterp=Undefined
  Min=12.667 Max=254.000 
  Minimum=12.667, Maximum=254.000, Mean=144.113, StdDev=18.427
0...10...20...30...40...50...60...70...80...90...100 - done.
  256 buckets from 12.1935 to 254.473:
  4 13 33 23 31 20 37 46 94 73 215 259 340 383 483 600 575 1230 1774 2539 3827 5537 4909 10291 13726 17293 21850 25823 19466 32569 35706 37520 38243 40096 28324 46204 51298 55586 60155 65303 46047 73324 77612 82320 86409 91792 98585 69382 110338 116701 121494 125179 130749 91057 142491 149318 154391 154821 154006 102179 154808 158054 160236 162801 165559 112540 172738 177818 181769 183950 186503 189805 128633 194931 200241 205444 213900 224440 156587 245230 257525 272081 287485 307091 216984 348041 378854 415246 454369 498872 364905 606541 707020 841130 1011447 1204693 922858 1586402 1840671 2122006 2420310 2727235 3020033 2170242 3516425 3906396 4399490 4994393 5658499 4181206 6941856 7828666 8747874 9712583 10713492 7689076 12367796 13405380 14488723 15618354 16767149 11824613 18747726 20076597 21605389 23362440 25170563 26714066 18495108 28634595 29576792 30378842 31047659 31545011 21238193 32035127 31914870 31408384 30756993 30113860 19709071 29071199 28545073 28182556 27977258 27863406 18469801 27291966 26424331 25241531 24015152 22783825 14475452 20501677 18870443 17116748 15374840 13834453 12454351 7625276 10622106 9910796 9323229 8781841 8241444 5198195 7356746 6868927 6387550 5916765 5448811 3385722 4745428 4394847 4107527 3875958 3684013 2366034 3408168 3246017 3039073 2767415 2518364 1563788 2201697 2034851 1870070 1724038 1589167 1465003 916242 1294760 1206505 1127504 1053946 983391 620951 877180 818894 756700 691853 627514 388915 535144 481463 428964 384638 349989 216857 305512 284663 265474 251693 236863 220427 132972 174057 135987 105040 84196 69345 40942 53241 45583 39537 33689 28732 15910 20728 16862 14067 11778 10066 6043 7845 6959 5920 5521 4972 3087 3990 3255 2888 2453 2208 2423 1770 2467 1848 639 350 294 218 281 410 1232 
  NoData Value=-3.4028234663852886e+38
  Metadata:
    STATISTICS_MAXIMUM=254
    STATISTICS_MEAN=144.11315278046
    STATISTICS_MINIMUM=12.666666984558
    STATISTICS_STDDEV=18.427305704288
    STATISTICS_VALID_PERCENT=7.016
