Driver: PCRaster/PCRaster Raster File
Files: complete_raster/raster_2018_25cm/pcraster_maps/plaat_ndvi_westerschelde_2018_mask_2018.map
       complete_raster/raster_2018_25cm/pcraster_maps/plaat_ndvi_westerschelde_2018_mask_2018.map.aux.xml
Size is 224000, 80000
Origin = (26000.000000000000000,390000.000000000000000)
Pixel Size = (0.250000000000000,-0.250000000000000)
Metadata:
  PCRASTER_VALUESCALE=VS_SCALAR
Corner Coordinates:
Upper Left  (   26000.000,  390000.000) 
Lower Left  (   26000.000,  370000.000) 
Upper Right (   82000.000,  390000.000) 
Lower Right (   82000.000,  370000.000) 
Center      (   54000.000,  380000.000) 
Band 1 Block=224000x1 Type=Float32, ColorInterp=Undefined
  Min=-0.249 Max=0.040 
  Minimum=-0.249, Maximum=0.040, Mean=-0.057, StdDev=0.041
0...10...20...30...40...50...60...70...80...90...100 - done.
  256 buckets from -0.249778 to 0.040399:
  226844 214077 189499 275097 231130 272760 234835 268644 248406 275510 206522 295558 225248 263739 275823 219564 324319 218836 278782 255097 284624 272553 266234 277078 244706 283331 262277 286797 284039 254892 267185 292024 298951 284606 248917 305164 283449 311155 264766 304056 371439 139998 411523 505793 47 451183 249318 282449 357642 305626 299153 344013 294251 332480 351375 308253 386573 282826 351067 394267 283848 337567 408601 351224 345691 416609 394927 389272 382741 440901 421062 407074 470284 500744 431612 551614 501588 488951 601861 606556 537791 801604 691128 663164 894745 733691 883026 798448 1038047 942303 1009995 903546 837866 1108803 1236337 1237393 1272195 1152237 1216196 1275772 1486341 1416736 1508664 1590777 1778837 1699931 1676335 2016954 1873790 1924604 2672197 2080319 2655084 2555286 2353243 2896705 2877523 2975334 3290574 3164864 3778580 2845393 3009602 5229990 3863069 4055515 4333845 4601370 4475631 4912249 4979201 4947258 5404700 5387811 6091643 5264486 6311938 5788289 7370995 5163080 8799241 6948932 8240546 8583312 9065283 8711083 9913067 10493549 9898497 11912834 12373235 13059903 13468582 13650752 14276749 17430266 16416097 17837794 19182822 18860948 19525045 25018836 19715174 22678981 21460746 23518471 21395749 18320943 20633841 18540112 16657097 16603996 17146508 15799733 13064058 13896407 13997489 11574472 13615258 13343253 11613525 10439593 13534700 12296403 11600575 12919253 10822413 11996825 11324125 10734918 10120687 10349807 9517284 10081080 9418433 8503334 9484947 8125099 8466424 8490132 7979828 8043248 8539433 8066834 7708472 7799315 7657864 7663585 6898707 7459434 8358689 6856019 6408097 9122555 8257231 6130616 5226599 14248789 1840802 0 18634122 0 1345794 13404139 1521668 2499278 7196348 4897018 2697623 4238291 4994066 3188231 3084918 3827356 3114374 2797884 2612972 2832910 2580792 1995643 2193427 1942768 1852024 1673326 1659149 1508010 1501356 1368251 1249441 1421393 1243466 1179530 1090338 1238649 1071547 577189 
  NoData Value=-3.4028234663852886e+38
  Metadata:
    STATISTICS_MAXIMUM=0.039832286536694
    STATISTICS_MEAN=-0.056714710450947
    STATISTICS_MINIMUM=-0.24921135604382
    STATISTICS_STDDEV=0.041480095668186
    STATISTICS_VALID_PERCENT=7.016
