Driver: PCRaster/PCRaster Raster File
Files: complete_raster/raster_2016_25cm/pcraster_maps/plaat_nir_westerschelde_2016_mask_2018.map
       complete_raster/raster_2016_25cm/pcraster_maps/plaat_nir_westerschelde_2016_mask_2018.map.aux.xml
Size is 224000, 80000
Origin = (26000.000000000000000,390000.000000000000000)
Pixel Size = (0.250000000000000,-0.250000000000000)
Metadata:
  PCRASTER_VALUESCALE=VS_SCALAR
Corner Coordinates:
Upper Left  (   26000.000,  390000.000) 
Lower Left  (   26000.000,  370000.000) 
Upper Right (   82000.000,  390000.000) 
Lower Right (   82000.000,  370000.000) 
Center      (   54000.000,  380000.000) 
Band 1 Block=224000x1 Type=Float32, ColorInterp=Undefined
  Min=15.000 Max=254.000 
  Minimum=15.000, Maximum=254.000, Mean=112.535, StdDev=16.711
0...10...20...30...40...50...60...70...80...90...100 - done.
  256 buckets from 14.5314 to 254.469:
  5 245 880 1162 804 925 1325 1394 0 1334 1704 2361 3079 3406 4224 4682 4735 5369 5685 6061 7513 8011 8294 9262 0 10428 11934 14276 15764 17184 20461 23982 26663 29819 34497 37703 46762 58205 72893 87412 0 102151 119824 143270 167551 180983 203333 231389 250224 283250 334338 385210 487184 614125 670594 740697 0 828461 890217 996413 1107045 1180318 1316724 1462260 1581558 1782428 2030753 2247480 2585446 2970288 3351193 3891607 0 4547192 5127670 5866405 6760062 7713351 8754191 9838905 10948175 12158417 13400234 14800813 16450515 17974012 19401250 20704032 0 21864920 23110770 24414614 25680163 26995251 28190137 29038219 29986717 30851118 31555475 31941886 32017346 31699979 31107549 30702265 0 30536753 30382712 30314660 30311990 30239736 30081435 29928130 29563209 28673234 27183035 25334902 23416706 21603104 19892738 18359373 0 17019441 15822984 14653533 13562920 12512733 11487467 10460444 9405077 8356875 7395231 6646788 6060276 5560377 5086275 0 4623278 4177967 3789472 3421503 3093305 2800904 2545537 2318513 2111610 1924516 1761980 1618680 1484273 1357035 1236609 0 1142164 1047810 958314 878389 804750 729670 664536 606818 552525 504699 463413 426918 397162 375519 346532 0 320318 297750 276403 257511 238930 220662 201895 182887 165675 150175 135307 126426 114738 105315 97143 0 89424 83592 77829 74054 70787 68596 67415 66315 65836 66104 65239 63120 60787 59548 57364 0 55516 53203 52107 51425 50758 49597 48751 48459 48014 44977 40285 35333 31011 27230 23907 0 20765 18059 16085 14602 13139 12412 11238 10222 9640 9514 8709 7880 7450 7132 6872 0 6684 6698 6316 5823 5346 4740 4358 3926 3839 4030 3591 3617 3961 4792 4929 0 3010 2296 2307 2655 2883 2600 2232 2340 
  NoData Value=-3.4028234663852886e+38
  Metadata:
    STATISTICS_MAXIMUM=254
    STATISTICS_MEAN=112.53454305529
    STATISTICS_MINIMUM=15
    STATISTICS_STDDEV=16.711316531508
    STATISTICS_VALID_PERCENT=6.921
