Driver: PCRaster/PCRaster Raster File
Files: complete_raster/raster_2018_25cm/pcraster_maps/plaat_nir_westerschelde_2018_mask_2018.map
       complete_raster/raster_2018_25cm/pcraster_maps/plaat_nir_westerschelde_2018_mask_2018.map.aux.xml
Size is 224000, 80000
Origin = (26000.000000000000000,390000.000000000000000)
Pixel Size = (0.250000000000000,-0.250000000000000)
Metadata:
  PCRASTER_VALUESCALE=VS_SCALAR
Corner Coordinates:
Upper Left  (   26000.000,  390000.000) 
Lower Left  (   26000.000,  370000.000) 
Upper Right (   82000.000,  390000.000) 
Lower Right (   82000.000,  370000.000) 
Center      (   54000.000,  380000.000) 
Band 1 Block=224000x1 Type=Float32, ColorInterp=Undefined
  Min=7.000 Max=254.000 
  Minimum=7.000, Maximum=254.000, Mean=133.712, StdDev=20.838
0...10...20...30...40...50...60...70...80...90...100 - done.
  256 buckets from 6.51569 to 254.484:
  1 20 26 24 25 24 14 32 72 232 379 385 355 431 467 727 0 1328 2359 4562 7901 11396 14069 14754 15041 16804 19839 22618 26390 31395 36489 41732 45757 48427 54985 59532 65294 71659 78805 85498 96195 108545 118648 128371 133680 135355 138860 148323 0 149286 149040 149466 150555 155944 161655 163069 167799 172496 174244 182879 193564 206546 222922 244879 261244 296557 337469 359893 419621 497222 543325 633713 722228 782218 886789 992665 1073132 1195996 1328561 1448127 0 1627030 1835506 2028346 2239841 2419664 2556249 2670429 2775435 2863052 2971931 3115197 3319519 3613408 3988517 4430543 4910456 5377593 5836815 6281924 6719592 7197444 7703718 8222591 8718423 9229738 9793964 10446119 11124740 11856119 12685379 13642702 0 14774572 16100423 17597251 19103788 20562520 21990960 23467781 24906136 26031045 26760334 27191179 27538374 27874836 28095463 28172879 28220011 28187865 28077973 27917588 27801212 27750073 27734076 27704985 27608631 27376544 26907216 26234047 25362746 24293266 22921943 0 21407393 19800024 18148097 16590044 15172194 13950214 12883911 11965252 11175058 10397175 9560549 8814450 8117558 7540619 7072599 6670886 6290692 5918794 5572261 5295268 5065907 4831812 4567485 4288605 4047403 3799856 3578970 3374222 3175484 2998702 2865551 0 2762767 2690815 2631158 2538091 2377993 2181019 2009940 1836811 1675532 1530932 1396183 1285571 1186936 1099284 1024479 952035 886452 825502 771717 724163 675581 623622 577720 537069 506981 477472 444370 401508 350407 304627 271092 0 243275 222305 200717 180603 161855 144063 127607 111783 97114 82486 70650 60918 52203 45548 40623 35462 30987 26806 22588 18390 14905 11941 9962 8573 7369 6335 5514 4715 3638 2959 2592 0 2217 1741 1328 1091 896 805 649 503 437 369 291 312 281 293 319 1241 
  NoData Value=-3.4028234663852886e+38
  Metadata:
    STATISTICS_MAXIMUM=254
    STATISTICS_MEAN=133.71206512121
    STATISTICS_MINIMUM=7
    STATISTICS_STDDEV=20.838389611092
    STATISTICS_VALID_PERCENT=7.016
