Driver: PCRaster/PCRaster Raster File
Files: complete_raster/raster_2016_25cm/pcraster_maps/plaat_green_westerschelde_2016_mask_2018.map
       complete_raster/raster_2016_25cm/pcraster_maps/plaat_green_westerschelde_2016_mask_2018.map.aux.xml
Size is 224000, 80000
Origin = (26000.000000000000000,390000.000000000000000)
Pixel Size = (0.250000000000000,-0.250000000000000)
Metadata:
  PCRASTER_VALUESCALE=VS_SCALAR
Corner Coordinates:
Upper Left  (   26000.000,  390000.000) 
Lower Left  (   26000.000,  370000.000) 
Upper Right (   82000.000,  390000.000) 
Lower Right (   82000.000,  370000.000) 
Center      (   54000.000,  380000.000) 
Band 1 Block=224000x1 Type=Float32, ColorInterp=Undefined
  Min=27.000 Max=254.000 
  Minimum=27.000, Maximum=254.000, Mean=146.813, StdDev=19.612
0...10...20...30...40...50...60...70...80...90...100 - done.
  256 buckets from 26.5549 to 254.445:
  20 156 336 422 621 0 919 1323 1613 1810 1841 1742 2016 2145 0 1999 2110 2213 2499 3479 4714 5583 5799 0 6510 7453 8767 10209 10855 11300 11826 13145 0 14076 14936 16985 19539 20699 23967 28539 34924 0 41736 48525 52503 56432 64510 79706 93118 98743 0 101324 105863 115004 120068 123921 131094 139526 147118 0 155988 168804 176733 183636 193618 210298 246265 282117 0 288292 309473 350210 386104 419413 460088 520799 596604 0 682960 782337 893299 1028059 1207315 1413146 1660159 1918185 2187478 0 2460578 2758312 3092937 3477499 3903348 4379293 4938871 5553165 0 6220322 6972313 7768948 8609872 9470478 10328938 11116412 11623776 0 11898758 12157728 12423813 12728793 13107405 13581492 14050908 14318907 0 14453902 14743566 15282719 15987305 16742029 17459152 18174929 18947653 0 19657130 20375556 21023831 21636476 22180846 22771296 23361247 23794858 0 24203168 24644772 25088534 25495023 25941180 26522220 27094497 27543031 0 27793200 27792286 27538021 27088266 26467642 25658614 24740896 23879738 0 22875150 21663691 20471689 19341374 18241465 17080979 15860613 14695982 0 13489021 12274308 11144558 10036842 8940625 7938531 7075476 6317451 0 5660094 5078023 4574831 4127023 3724496 3369875 3054969 2781263 2540044 0 2330388 2143412 1977538 1826595 1686539 1554010 1433654 1325559 0 1237616 1154509 1063992 974409 875364 782499 702716 636880 0 583317 534060 484105 437720 393431 358478 332114 306260 0 281088 250497 220767 195273 172658 153768 138578 123747 0 111467 100412 89901 80890 74798 70856 68462 66795 0 66329 66745 66253 66023 65658 64448 58491 50308 0 43385 38364 37282 36057 34047 31524 26919 22587 0 18464 15609 13966 12800 11928 11322 10476 7666 0 7063 6511 7023 15372 29114 
  NoData Value=-3.4028234663852886e+38
  Metadata:
    STATISTICS_MAXIMUM=254
    STATISTICS_MEAN=146.81255323077
    STATISTICS_MINIMUM=27
    STATISTICS_STDDEV=19.611726814998
    STATISTICS_VALID_PERCENT=6.921
