Driver: PCRaster/PCRaster Raster File
Files: complete_raster/raster_2018_25cm/pcraster_maps/plaat_green_westerschelde_2018_mask_2018.map
       complete_raster/raster_2018_25cm/pcraster_maps/plaat_green_westerschelde_2018_mask_2018.map.aux.xml
Size is 224000, 80000
Origin = (26000.000000000000000,390000.000000000000000)
Pixel Size = (0.250000000000000,-0.250000000000000)
Metadata:
  PCRASTER_VALUESCALE=VS_SCALAR
Corner Coordinates:
Upper Left  (   26000.000,  390000.000) 
Lower Left  (   26000.000,  370000.000) 
Upper Right (   82000.000,  390000.000) 
Lower Right (   82000.000,  370000.000) 
Center      (   54000.000,  380000.000) 
Band 1 Block=224000x1 Type=Float32, ColorInterp=Undefined
  Min=10.000 Max=254.000 
  Minimum=10.000, Maximum=254.000, Mean=149.539, StdDev=17.955
0...10...20...30...40...50...60...70...80...90...100 - done.
  256 buckets from 9.52157 to 254.478:
  1 0 0 0 0 0 0 1 0 7 12 24 0 58 95 118 171 233 333 447 756 1068 1442 1970 2653 3575 4657 6080 7786 9932 12457 15154 18426 23326 28511 0 33191 36034 38401 41560 45207 49158 55031 60444 66080 71965 77418 81304 85341 90514 95986 101491 108729 115632 122923 128574 133014 137165 0 140878 145442 150135 156174 161787 163667 166054 166686 168667 169316 172188 176417 181264 184553 184777 183981 184198 185794 191919 196280 199703 203382 0 207396 213018 219146 226106 235311 245579 256476 268166 282614 298341 315684 335216 358809 385135 417820 457535 504132 561730 630550 718560 828807 973780 0 1150519 1359191 1604467 1895071 2216818 2566223 2934708 3317122 3722466 4180202 4703565 5304706 5994152 6795791 7722864 8775556 9936578 11146571 12365359 13609699 14882752 16217006 0 17581141 19000497 20471112 22001776 23579549 25148478 26623649 27997578 29269644 30316941 31082240 31843005 32583199 33020818 33040074 32748256 32304389 31702017 31032509 30316608 29585868 28908152 28224156 0 27551899 26913650 26245897 25469497 24556449 23532943 22389423 21129896 19716508 18228932 16774347 15387432 14065964 12842766 11801858 10897892 10057078 9262414 8545279 7913840 7385590 6888355 0 6387010 5916042 5451378 5016380 4651080 4373339 4186158 4052080 3868865 3574321 3212503 2884517 2625450 2410894 2219427 2038566 1862048 1703842 1565689 1444794 1340390 1239092 0 1141244 1047324 962188 887824 819887 750792 686685 630525 580089 532685 489266 442794 398546 361253 328660 297638 271052 249942 231016 206040 169216 127186 0 95618 73849 60869 49580 41634 34566 29577 24937 21300 18116 15954 13639 11740 9992 8699 7570 6545 5787 5197 4740 4260 3941 0 3496 3099 2379 2063 1912 1768 1541 1613 1479 1328 1594 6075 
  NoData Value=-3.4028234663852886e+38
  Metadata:
    STATISTICS_MAXIMUM=254
    STATISTICS_MEAN=149.53948709669
    STATISTICS_MINIMUM=10
    STATISTICS_STDDEV=17.95481044266
    STATISTICS_VALID_PERCENT=7.016
