Driver: PCRaster/PCRaster Raster File
Files: complete_raster/raster_2018_25cm/pcraster_maps/ndvi_westerschelde_2018_mask_2018.map
       complete_raster/raster_2018_25cm/pcraster_maps/ndvi_westerschelde_2018_mask_2018.map.aux.xml
Size is 224000, 80000
Origin = (26000.000000000000000,390000.000000000000000)
Pixel Size = (0.250000000000000,-0.250000000000000)
Metadata:
  PCRASTER_VALUESCALE=VS_SCALAR
Corner Coordinates:
Upper Left  (   26000.000,  390000.000) 
Lower Left  (   26000.000,  370000.000) 
Upper Right (   82000.000,  390000.000) 
Lower Right (   82000.000,  370000.000) 
Center      (   54000.000,  380000.000) 
Band 1 Block=224000x1 Type=Float32, ColorInterp=Undefined
  Min=-1.000 Max=0.894 
  256 buckets from -1.00371 to 0.89733:
  2990 0 0 0 780 7886 0 196 1153 9464 1670 1661 1262 9279 3638 2138 3052 10123 3300 3883 11455 4877 8317 9104 9773 10893 8810 11802 13371 9958 14531 11337 17319 14825 25743 19817 32722 29802 46541 29259 38861 48888 41899 44167 59271 43412 49712 57694 59108 60194 62907 53198 69384 72731 72188 78468 97718 100439 117903 130953 150509 218494 261600 322415 390064 463593 554833 581414 568921 624662 729853 646168 633290 738731 762619 916063 1137180 1169553 1219083 1171324 1045088 974888 1002376 1071916 1105718 1141339 1186883 1257904 1266527 1180160 1131039 1222602 1242792 1208622 1235917 1283152 1279622 1305553 1312084 1393706 1492128 1570547 1661678 1720215 1690017 1796085 1816738 2018658 1964172 2088265 2268116 2483025 2867242 3765067 5281475 6715591 8195981 10961664 14694713 20574128 25971867 32501080 40084754 58383277 78630598 114316964 142998131 117643217 88268209 78836115 70691952 57977491 52790351 48199156 46478238 36770995 28915842 19558006 12266981 8756757 7142763 6119104 5446417 5190907 5121702 5098340 5206645 5501333 5913417 6377697 7070610 8224123 8754533 10133479 11487983 12877445 14175172 15665032 16913623 17748849 18710079 19176192 19525433 19633473 19496875 19004142 18514486 17792960 16931422 15972281 14875224 14042398 12562471 11666767 10514288 9545528 8626176 7628092 6876120 5331595 6041011 4746144 4216332 3683291 3204437 2765290 2399777 2065649 1730894 1571374 1311562 1105927 915730 862270 699858 621745 519694 430908 383538 315165 274668 229059 179217 164495 133811 111098 95144 78689 65568 60176 45443 41097 37127 31523 27798 27074 18960 19660 17437 15592 14397 13042 12154 10667 10928 8406 8399 7835 6988 6396 5585 5209 4557 3960 3758 3104 2734 2270 1843 1578 1068 957 710 585 510 361 276 251 187 131 101 64 36 23 6 7 
  NoData Value=-3.4028234663852886e+38
