Driver: PCRaster/PCRaster Raster File
Files: complete_raster/raster_2016_25cm/pcraster_maps/ndvi_westerschelde_2016_mask_2018.map
       complete_raster/raster_2016_25cm/pcraster_maps/ndvi_westerschelde_2016_mask_2018.map.aux.xml
Size is 224000, 80000
Origin = (26000.000000000000000,390000.000000000000000)
Pixel Size = (0.250000000000000,-0.250000000000000)
Metadata:
  PCRASTER_VALUESCALE=VS_SCALAR
Corner Coordinates:
Upper Left  (   26000.000,  390000.000) 
Lower Left  (   26000.000,  370000.000) 
Upper Right (   82000.000,  390000.000) 
Lower Right (   82000.000,  370000.000) 
Center      (   54000.000,  380000.000) 
Band 1 Block=224000x1 Type=Float32, ColorInterp=Undefined
  Min=-0.874 Max=0.789 
  256 buckets from -0.876945 to 0.792735:
  5 17 5 109 109 367 704 783 1713 1952 4298 3565 11041 13168 77080 39129 87525 87752 46485 48117 46271 33336 34743 27333 40278 37589 57768 64359 55624 51604 65531 54742 50254 70357 55000 78169 66987 84618 86569 85145 111286 155768 150021 235613 315559 471664 644807 872203 1141822 1391099 1795035 1639541 1403935 1295630 1425144 1452009 1604016 1568705 1418066 1532098 1516949 1599255 1664411 1863386 1796227 1602734 1618804 1521297 1451003 1696428 1830424 1905154 1638558 1469318 1489874 1548315 1533161 1544313 1688918 1855228 1987488 1861541 2075713 1888920 1592488 1729229 1697123 1775809 1832833 1817453 1895989 2002161 2120987 2269384 2546415 2850889 2743385 2780920 2910681 2873907 3163244 3438754 3837308 3926657 4959431 5002876 5988819 7190652 8905067 13155862 19236693 30183466 46483698 63123298 85039588 100279989 108785207 106702155 96448984 84522643 72263903 63645295 52863091 42978109 35041222 28336385 23291734 18845051 15423971 12760100 11230712 8707183 7495708 7374813 4211405 6063802 4501533 4233712 4086631 3723381 3479568 3307832 3099602 3044371 2879306 2821976 2749316 2726405 2705290 2669582 2664225 2678079 2734319 2807439 2858532 2996440 3053105 3286116 3363134 3415388 3937560 3993760 4312041 4562013 4863455 5227659 5609929 6069616 6471518 6875410 7409430 8023328 8547330 8979616 9610155 10157787 10602853 11127178 11433167 11956116 12247339 12644269 12804165 12975589 13045093 14162884 12433444 13145873 12973306 12716144 12210465 11813168 11506466 10570930 9972365 9181759 8636571 7831408 7166893 6464547 5772736 5064757 4571990 3901291 3503643 2858779 2618003 2202931 1895899 1606780 1277202 1170602 991672 830652 714490 617266 522755 482709 403831 343400 297301 256359 214028 185941 159633 138997 109435 94004 77230 61729 51365 37742 33145 25262 19756 15199 11810 9228 7704 6155 5159 4450 3649 3275 1956 1863 1355 1076 702 464 333 170 99 35 9 4 
  NoData Value=-3.4028234663852886e+38
