Driver: PCRaster/PCRaster Raster File
Files: complete_raster/raster_2016_25cm/pcraster_maps/plaat_ndvi_westerschelde_2016_mask_2018.map
       complete_raster/raster_2016_25cm/pcraster_maps/plaat_ndvi_westerschelde_2016_mask_2018.map.aux.xml
Size is 224000, 80000
Origin = (26000.000000000000000,390000.000000000000000)
Pixel Size = (0.250000000000000,-0.250000000000000)
Metadata:
  PCRASTER_VALUESCALE=VS_SCALAR
Corner Coordinates:
Upper Left  (   26000.000,  390000.000) 
Lower Left  (   26000.000,  370000.000) 
Upper Right (   82000.000,  390000.000) 
Lower Right (   82000.000,  370000.000) 
Center      (   54000.000,  380000.000) 
Band 1 Block=224000x1 Type=Float32, ColorInterp=Undefined
  Min=-0.249 Max=0.040 
  Minimum=-0.249, Maximum=0.040, Mean=-0.104, StdDev=0.042
0...10...20...30...40...50...60...70...80...90...100 - done.
  256 buckets from -0.249882 to 0.0403992:
  309710 502230 475210 471464 507184 462939 505225 470096 490791 486974 494344 486748 476608 532100 499318 402594 651127 364149 557692 538394 531340 473640 536068 619344 509099 491317 569596 589055 516840 592857 574006 614709 592145 649388 681371 611435 646262 684225 691110 678877 855161 347717 1129168 1258750 37 1189478 349857 993486 736011 831231 870427 793203 897761 914973 769979 1040362 838208 1055848 973411 919610 1247666 1040726 1116107 1223346 1154790 1226147 1449325 1155303 1503188 1405563 1613892 1484167 1978967 1535901 2063516 1991671 2223620 2266396 2530897 2758914 2403732 3483044 3180311 3615349 3924802 4329846 4520884 4694492 4948730 5599331 6045445 6083696 6669606 7955582 8697697 9282071 9785408 9468001 10130100 11727846 11522361 11285247 12045053 13827912 13722893 16340571 15097326 14784514 17117224 15374571 19247224 17629068 17968404 19458128 17041688 19838165 17693261 19993365 18658997 18836211 20504290 16948378 14465042 23532258 16544034 18589917 17744526 16573651 17127726 15425156 16570259 15961803 15452209 14299844 13632782 14991559 13684980 14226827 13006079 11143703 15330217 11181566 11166113 12638341 11695426 10815097 10655165 10451307 9386481 10476565 8906689 9412503 7696276 10244647 7926973 8167698 7905064 7541074 7111742 7250418 5837932 6397229 6703491 6261759 5643275 5406976 5383239 4916632 5921336 4474514 4639542 4447443 4140254 4862232 3458637 3895023 3931504 3226347 3633813 3538376 3002141 2897388 3220705 2912984 2839193 2809449 2511963 2553327 2834021 2461936 2000663 2416754 2375186 1988910 1963842 2034476 2274790 1759023 1406923 1960205 2148182 1436618 1303978 1745645 1847605 1119586 1228468 1619377 1662830 1063904 1008847 1208622 1653955 1218399 559543 607308 2511711 865470 22202 0 3738409 0 60803 1206095 1884179 372701 541419 925209 1233466 758726 748888 628451 952151 939436 723032 609762 760662 964979 692215 631193 733712 833884 720361 585908 708762 736565 639022 642461 632313 696101 626554 659120 537987 697166 618348 298714 
  NoData Value=-3.4028234663852886e+38
  Metadata:
    STATISTICS_MAXIMUM=0.039832286536694
    STATISTICS_MEAN=-0.10392490880608
    STATISTICS_MINIMUM=-0.24931506812572
    STATISTICS_STDDEV=0.041604574405803
    STATISTICS_VALID_PERCENT=6.921
