Driver: PCRaster/PCRaster Raster File
Files: complete_raster/raster_2016_25cm/pcraster_maps/plaat_brightness_westerschelde_2016_mask_2018.map
       complete_raster/raster_2016_25cm/pcraster_maps/plaat_brightness_westerschelde_2016_mask_2018.map.aux.xml
Size is 224000, 80000
Origin = (26000.000000000000000,390000.000000000000000)
Pixel Size = (0.250000000000000,-0.250000000000000)
Metadata:
  PCRASTER_VALUESCALE=VS_SCALAR
Corner Coordinates:
Upper Left  (   26000.000,  390000.000) 
Lower Left  (   26000.000,  370000.000) 
Upper Right (   82000.000,  390000.000) 
Lower Right (   82000.000,  370000.000) 
Center      (   54000.000,  380000.000) 
Band 1 Block=224000x1 Type=Float32, ColorInterp=Undefined
  Min=20.000 Max=254.000 
  Minimum=20.000, Maximum=254.000, Mean=132.585, StdDev=17.550
0...10...20...30...40...50...60...70...80...90...100 - done.
  256 buckets from 19.5412 to 254.459:
  36 238 202 308 305 631 727 1476 1345 1250 952 1388 1464 1572 1400 1969 2587 3998 3093 4739 5311 5637 4042 6459 7036 7744 5617 9255 9920 10931 7797 12076 13847 15199 10631 17205 17820 19189 14687 24613 28109 30965 35116 26438 46151 53249 62722 51155 88372 98185 105773 73777 118669 129326 138352 101209 173117 182694 196351 125723 196863 211343 223708 161040 255722 268838 296556 214871 350140 408998 491283 384550 652578 716800 779001 567841 933923 1042351 1165061 863484 1459049 1695269 1978053 1491264 2540183 2968681 3469958 2617380 4381716 5005173 5705813 4246239 7201576 8315451 9452652 6997829 11682771 13021235 14134931 9975460 15792034 16834798 17685590 12124003 18591238 19070262 19547803 13354797 20521062 21305174 22111503 15088178 23056438 23565441 23979758 16216778 24825348 25619191 26485819 18135345 27772430 28319530 28787528 19447395 29522536 29838562 30054022 30215609 20152573 30010766 29461709 28612532 18491121 26860623 25802095 24715791 15860321 22804195 21587857 20346188 12865269 18173286 16829397 15498345 9560663 13121446 11689764 10352492 6255416 8555251 7674327 6902041 4214561 5800758 5241803 4721778 2886634 3964119 3578743 3230468 1981000 2744018 2503791 2307109 1442206 2037039 1889515 1745035 1088484 1530967 1411345 1305857 812391 1127551 1019158 916274 561978 772792 700071 639214 395479 548022 499942 456878 281647 391068 357510 330438 207749 293536 273776 252117 156030 218947 199094 178203 108278 148879 134182 119147 71521 98696 89551 81050 50608 71746 65914 61932 39918 58959 58086 57643 37927 57516 55961 54590 52695 34673 50971 50071 49821 33251 51115 50268 46222 27197 35589 29577 25229 14885 19508 16704 14824 9027 12815 11530 11051 7281 9681 9218 8548 4945 6797 6208 6190 3881 6032 6584 5551 3531 6169 6221 4782 4169 7579 4327 
  NoData Value=-3.4028234663852886e+38
  Metadata:
    STATISTICS_MAXIMUM=254
    STATISTICS_MEAN=132.58548539831
    STATISTICS_MINIMUM=20
    STATISTICS_STDDEV=17.549731919867
    STATISTICS_VALID_PERCENT=6.921
