Driver: PCRaster/PCRaster Raster File
Files: complete_raster/raster_2018_25cm/pcraster_maps/brightness_westerschelde_2018_mask_2018.map
Size is 224000, 80000
Origin = (26000.000000000000000,390000.000000000000000)
Pixel Size = (0.250000000000000,-0.250000000000000)
Metadata:
  PCRASTER_VALUESCALE=VS_SCALAR
Corner Coordinates:
Upper Left  (   26000.000,  390000.000) 
Lower Left  (   26000.000,  370000.000) 
Upper Right (   82000.000,  390000.000) 
Lower Right (   82000.000,  370000.000) 
Center      (   54000.000,  380000.000) 
Band 1 Block=224000x1 Type=Float32, ColorInterp=Undefined
  Min=12.333 Max=254.000 
0...10...20...30...40...50...60...70...80...90...100 - done.
  256 buckets from 11.8595 to 254.474:
  5 25 75 67 119 125 207 414 551 728 522 1013 1206 1449 1639 2155 1740 3205 4184 5553 7574 10734 9418 19048 26224 34475 44164 55514 66553 50705 85880 97364 107425 117795 129756 95137 155711 173055 189991 207140 222896 158576 250506 266510 282868 300922 322225 344510 241603 381759 405960 432699 465530 491754 339736 535373 565661 591217 615453 640017 664150 460565 722564 762314 801480 847896 910135 647673 1041381 1117529 1190913 1264356 1345971 954314 1540905 1692453 1867129 2046598 2213412 2341484 1613897 2492113 2580179 2678371 2803866 2958082 2069230 3277897 3511761 3774075 4059085 4361551 3088681 4915835 5261849 5632039 6013818 6437397 6919393 4886719 7766936 8309632 8808693 9292621 9781312 6826258 10775739 11504980 12288429 13134218 14035395 15011389 10551397 16658822 17703531 18742790 19757669 20802068 14479182 22659916 23817889 25018126 26233295 27585357 19230740 30294109 32118526 33763770 35098581 36188301 37131685 25198734 38366247 38915652 39300189 39521805 39388112 25976048 38419614 37732643 37033226 36394372 35822965 23650809 35224918 35026296 34765503 34214458 33252062 31960673 20563599 29698224 28288741 26695542 24886630 22938522 14204358 19780364 18127843 16616387 15361266 14403509 13564715 8599510 12232226 11431126 10655544 9920167 9196262 5743172 8027496 7364609 6750724 6204420 5738572 3603070 5107617 4786360 4492686 4210903 3897825 3528365 2159337 3003557 2749734 2519937 2297555 2102582 1301903 1810049 1664586 1534769 1418305 1315026 826640 1158518 1072448 994790 923199 848857 772671 474558 655343 591971 530822 472181 422104 258781 358850 329978 305684 283055 266620 249122 155332 214004 181464 142007 109813 87974 49813 64915 55281 47063 40708 34555 20232 25514 21177 17198 14348 11974 10218 6130 7931 7012 5964 5554 4991 3092 4000 3263 2889 2456 2208 1589 2604 2467 1848 639 350 294 218 281 410 1232 
  NoData Value=-3.4028234663852886e+38
